224 348 106
336 348 107
142 275 771
93 111 15
230 314 993
152 198 973
5 282 96
198 199 101
168 181 207
198 243 60
45 299 680
47 246 848
52 295 233
188 202 943
31 34 915
48 233 936
290 320 80
122 186 450
169 274 924
151 277 829
216 266 719
34 169 625
189 337 435
104 360 757
62 276 947
224 337 211
107 283 264
242 356 713
246 346 727
69 317 514
73 156 672
67 68 17
44 320 578
151 237 841
162 181 979
40 307 398
10 14 155
84 157 539
1 313 50
80 101 508
204 319 450
307 358 458
154 299 39
58 73 944
63 167 779
292 341 795
53 151 491
142 265 959
287 327 827
306 317 520
96 144 416
93 252 756
268 304 768
10 80 625
131 172 283
309 342 495
72 300 616
113 184 166
139 301 48
45 209 948
54 289 572
49 107 156
244 246 459
5 351 120
252 279 834
170 214 707
179 268 77
87 233 545
47 48 774
90 251 763
151 236 234
61 65 847
19 346 719
308 360 333
38 42 695
10 166 983
133 325 495
17 350 217
115 203 180
264 290 635
245 328 573
165 275 634
132 168 42
119 238 123
193 279 692
23 279 741
222 239 643
130 340 982
209 248 835
13 59 534
247 308 3
34 325 44
76 303 531
62 216 814
139 296 704
143 359 535
147 298 517
64 235 447
154 252 490
96 166 809
242 277 532
15 207 235
118 350 571
101 105 905
66 240 500
2 254 146
6 306 260
57 305 955
165 174 298
283 324 488
10 322 206
132 253 705
133 198 202
239 315 730
10 39 825
50 95 729
51 259 489
88 113 33
62 71 872
54 259 109
227 356 124
64 295 219
43 361 662
69 102 791
34 153 412
173 297 349
142 359 316
112 298 452
115 253 103
101 267 210
46 255 633
31 209 1
24 236 460
9 329 397
258 298 143
46 307 340
154 273 891
54 106 124
191 365 887
32 174 958
35 207 261
6 30 297
112 136 12
233 247 677
68 228 153
161 248 328
22 26 730
43 147 868
105 176 164
58 179 651
22 49 469
130 210 3
144 299 193
300 354 483
111 358 776
76 113 180
21 250 318
199 329 652
328 342 233
28 277 323
150 363 696
231 336 354
78 184 383
41 181 142
88 200 235
58 216 451
189 241 880
27 176 363
307 359 516
17 197 126
109 256 93
16 203 700
57 84 275
93 167 237
148 208 503
30 220 246
119 161 148
21 188 807
206 353 44
99 130 62
267 348 395
119 147 372
326 336 443
237 243 695
25 98 682
132 176 875
264 284 663
34 133 827
294 346 437
132 332 34
40 345 605
76 217 339
174 248 220
41 102 612
73 246 493
178 286 146
83 308 328
48 319 307
58 178 657
353 355 949
125 356 358
66 94 28
160 234 951
40 297 889
72 173 910
160 220 878
13 148 691
24 115 597
2 296 967
148 364 537
176 182 600
60 279 347
75 350 889
27 144 625
123 204 774
139 284 855
202 286 775
256 323 770
28 151 586
204 301 589
30 355 732
209 251 857
198 225 813
231 277 673
73 260 132
112 197 594
257 324 606
147 183 419
12 152 91
143 150 701
51 234 493
50 147 286
295 340 254
244 298 859
25 115 629
36 323 71
252 291 868
93 161 604
168 269 373
101 256 371
87 96 274
141 188 72
171 364 889
115 289 756
71 338 43
18 291 505
112 239 559
237 357 425
88 215 803
81 273 686
252 253 794
152 273 496
187 343 384
14 361 346
106 164 964
62 325 683
14 76 81
72 231 389
221 316 245
129 193 888
146 215 8
253 276 926
31 224 873
44 356 953
22 39 876
53 259 505
57 320 546
262 301 252
186 191 728
58 333 119
93 96 83
35 99 810
13 319 232
5 86 324
253 271 41
280 329 959
71 328 527
136 328 394
298 326 768
86 363 368
77 287 958
81 86 37
41 180 907
95 340 353
109 225 465
77 246 260
183 223 427
95 345 370
51 173 966
25 90 924
47 130 690
31 265 336
80 162 623
152 333 514
235 326 414
192 197 537
161 257 582
128 131 975
135 358 134
23 94 426
64 141 844
221 316 699
76 140 240
257 267 913
4 268 744
98 290 584
24 160 813
310 358 34
118 347 535
72 144 754
212 286 757
170 193 735
218 266 413
32 51 101
137 241 721
125 137 3
23 354 578
130 133 55
54 197 377
180 231 714
91 337 832
226 345 969
56 215 391
249 347 178
42 61 51
271 353 580
232 316 220
280 281 207
192 210 203
135 242 888
14 351 450
58 70 430
99 100 786
68 361 855
127 284 108
46 187 329
78 362 940
72 292 387
312 334 547
29 260 814
128 202 996
123 319 962
55 285 636
132 338 575
253 330 143
148 298 166
176 250 332
39 216 701
116 327 863
332 347 63
42 234 608
308 351 699
144 162 455
160 214 500
58 331 746
271 291 436
230 315 897
211 365 433
137 322 464
156 269 287
55 220 888
268 337 482
34 221 364
84 91 892
91 189 130
90 272 468
103 327 138
11 174 876
269 324 911
223 283 232
120 268 508
266 283 20
42 71 303
8 308 80
231 282 312
33 341 244
155 279 256
59 343 803
100 270 666
137 244 351
5 359 432
55 281 354
152 361 739
111 363 952
15 163 347
96 250 829
122 317 493
180 189 739
114 252 603
23 105 883
136 167 346
258 298 457
209 243 617
90 263 762
264 334 698
146 357 854
21 242 741
13 195 453
236 275 344
21 224 549
82 155 968
103 125 235
20 338 692
106 155 715
230 267 575
78 334 196
26 47 957
185 218 248
29 67 441
82 198 276
40 165 928
4 299 548
106 222 135
188 269 444
30 121 623
247 269 966
188 239 285
66 283 626
287 342 541
53 100 460
162 304 545
12 68 453
61 110 463
248 348 99
5 322 725
291 298 265
202 301 268
109 313 420
129 329 396
113 309 994
51 316 756
302 339 1
40 109 37
168 221 697
48 346 81
163 339 302
14 171 165
67 192 840
60 223 840
56 108 684
280 328 380
96 166 618
242 279 39
258 283 361
17 110 200
40 249 314
95 356 997
18 86 738
163 186 74
97 156 464
44 354 19
150 184 690
18 33 165
21 99 382
95 184 119
115 255 518
224 299 268
112 317 254
73 78 87
109 285 662
51 222 366
68 254 882
89 352 263
321 355 88
58 347 418
71 119 610
25 57 671
41 222 645
51 311 999
123 185 183
135 174 270
193 212 39
36 136 265
50 186 359
50 260 379
105 234 177
284 292 588
188 321 135
202 353 404
82 173 640
153 163 912
143 216 832
69 154 486
24 345 829
129 307 436
49 315 719
278 324 651
324 352 360
136 177 702
279 285 754
20 234 825
152 216 224
283 313 402
116 303 998
227 360 802
40 258 757
253 338 242
127 287 816
199 310 392
62 284 425
41 103 452
35 215 486
114 131 184
32 125 986
203 239 31
93 240 774
155 158 551
252 260 2
180 307 857
14 80 531
156 190 798
60 279 880
21 182 421
283 305 629
266 338 60
115 169 358
194 350 835
105 259 402
289 362 650
220 279 70
221 333 904
121 362 315
50 58 860
320 342 323
239 364 899
189 263 762
303 341 334
329 336 567
133 156 609
128 270 217
192 200 208
20 87 533
66 168 420
66 131 792
62 260 880
46 92 340
52 276 715
277 285 420
27 42 372
49 107 265
40 169 59
107 123 412
10 97 621
147 149 752
116 126 523
236 247 511
90 287 236
24 180 407
169 247 539
2 214 256
86 319 874
138 157 880
56 272 802
44 225 220
22 50 492
221 356 668
31 352 798
18 208 984
48 53 780
70 159 623
232 270 797
53 196 378
136 323 863
166 309 660
102 206 399
227 313 556
75 219 243
291 342 165
141 214 166
149 197 535
233 246 199
46 228 467
90 114 532
186 196 325
17 336 318
80 136 739
248 260 937
13 298 616
208 233 746
70 275 270
112 193 624
22 186 492
101 322 582
102 302 349
53 151 927
277 316 566
145 218 117
111 209 666
25 329 730
178 350 240
185 271 597
121 254 601
157 307 521
155 218 178
52 54 932
18 221 955
62 305 414
78 277 80
277 338 835
219 314 524
239 353 84
207 259 968
90 268 629
223 332 947
273 300 874
304 320 156
55 357 789
314 360 196
70 290 725
195 362 681
26 326 593
251 264 912
45 325 642
102 216 881
107 211 76
107 325 414
327 350 950
106 171 333
277 323 785
270 335 231
37 56 269
117 276 304
220 254 286
39 215 442
189 252 677
39 306 229
135 274 474
199 284 793
214 333 364
61 250 858
7 116 316
66 107 26
18 360 419
102 116 773
69 124 652
3 327 285
230 309 808
36 219 222
23 336 214
265 319 41
94 157 452
87 162 343
82 334 953
276 318 977
227 355 751
180 245 780
101 174 559
33 317 777
260 308 588
223 227 928
4 175 106
234 318 922
223 303 223
168 326 561
178 293 943
40 123 502
55 172 198
40 88 282
96 308 466
72 340 176
57 127 377
38 137 720
137 214 145
85 157 335
275 310 919
129 335 635
56 256 775
211 232 636
217 293 253
45 141 398
174 179 319
83 123 237
76 196 904
55 101 667
3 267 467
5 311 356
1 72 529
23 213 287
131 324 704
129 173 369
241 330 35
243 289 853
77 272 691
79 284 229
173 284 42
199 269 631
133 298 597
8 262 984
6 166 609
211 274 40
130 328 760
128 226 182
293 296 568
56 142 326
102 116 589
124 346 533
87 315 149
322 357 165
216 279 392
148 180 524
307 318 657
243 364 759
112 143 276
25 301 788
62 364 762
154 204 413
223 357 940
149 170 905
26 168 664
11 167 945
235 267 581
218 282 77
63 120 490
45 335 142
93 119 919
179 324 969
23 34 213
18 196 492
244 259 459
160 161 133
116 329 536
75 184 341
116 206 809
43 287 919
87 147 467
22 98 277
239 315 409
37 88 91
99 275 682
77 355 99
147 306 426
2 4 537
45 299 78
41 79 104
54 97 720
142 354 676
36 87 792
59 358 238
24 175 461
98 159 86
253 260 243
59 209 847
25 257 476
56 149 163
10 194 794
204 304 887
98 187 794
11 264 174
34 114 17
180 184 938
241 279 691
198 262 76
71 104 353
58 81 93
89 152 881
314 331 14
26 183 669
287 330 503
93 364 577
30 169 579
268 314 75
200 319 562
259 361 604
263 278 631
18 24 935
43 206 603
263 265 453
56 76 236
129 306 795
18 82 298
128 244 722
163 195 231
139 362 710
181 306 82
136 187 9
75 318 844
104 120 542
220 300 456
69 111 828
9 107 585
240 243 642
42 364 427
180 287 713
254 294 761
65 212 206
103 265 485
40 82 264
107 261 538
2 188 648
1 344 795
287 328 955
272 359 549
173 303 398
130 136 689
243 258 577
283 356 969
186 198 704
42 193 272
226 242 717
45 159 627
211 232 640
63 271 163
273 331 508
128 158 819
152 192 15
16 261 550
168 191 295
75 156 154
156 173 901
26 301 534
14 191 898
50 159 501
63 87 324
116 189 924
284 306 693
181 271 880
43 201 549
36 47 573
40 101 728
55 270 137
33 241 301
230 334 924
4 47 26
264 335 790
150 338 100
2 209 990
194 301 491
127 157 820
5 9 138
213 230 915
18 39 347
54 189 314
180 272 706
107 135 381
37 101 81
133 357 828
144 321 233
131 225 299
288 299 842
119 353 583
105 358 921
35 167 207
84 272 674
6 262 867
181 249 449
102 341 598
260 281 452
280 298 722
84 357 713
250 253 665
118 215 369
14 282 565
8 295 110
136 174 409
94 343 262
38 189 434
66 363 278
54 63 483
86 218 874
143 259 926
221 328 199
44 251 82
42 81 333
110 134 852
132 336 543
3 49 798
144 342 70
95 309 981
72 192 921
195 293 413
141 244 567
265 303 25
109 147 553
215 241 23
171 328 656
128 214 558
335 347 883
169 196 651
104 349 182
41 186 158
297 351 755
104 304 354
55 362 898
24 282 125
22 111 123
17 56 405
163 239 434
112 310 465
221 365 326
6 296 49
86 270 173
22 77 98
45 340 577
17 38 968
65 332 55
120 171 712
156 303 419
68 359 96
73 347 144
159 251 669
180 327 118
224 358 694
21 84 888
63 64 128
57 149 740
108 192 913
89 292 783
31 72 872
2 42 178
122 164 625
5 291 12
125 208 185
69 100 618
139 290 989
298 321 840
170 177 673
22 277 960
60 179 563
105 317 842
242 286 353
44 64 76
55 269 866
60 153 927
82 360 505
98 320 730
120 206 54
85 213 74
39 65 307
95 291 681
170 364 300
82 186 380
153 281 552
187 211 463
316 319 379
298 306 572
102 334 980
29 145 973
90 349 186
136 248 926
300 329 949
193 318 520
27 313 594
185 338 573
123 327 62
91 228 89
74 210 531
340 345 315
111 358 725
146 352 520
197 249 62
218 344 106
149 321 777
101 296 727
336 342 959
60 197 474
21 85 894
319 358 824
174 183 16
48 223 453
113 259 571
30 271 949
86 264 101
253 330 242
95 322 214
28 109 146
287 349 728
59 77 8
14 270 980
85 353 819
220 331 79
165 319 164
97 351 852
126 341 706
120 332 615
216 290 214
120 351 649
133 142 755
156 247 551
166 213 481
193 309 847
54 351 670
12 178 794
131 163 794
265 290 116
41 271 148
135 164 662
238 256 866
34 144 798
106 232 172
156 184 226
61 261 750
168 196 966
311 322 35
109 211 296
18 142 874
277 345 857
323 362 732
76 315 481
101 188 943
17 297 390
261 290 796
